  2.5228000e-008
  2.5228757e-008
  2.5229515e-008
  2.5230272e-008
  2.5231029e-008
  2.5231787e-008
  2.5232544e-008
  2.5233301e-008
  2.5234059e-008
  2.5234816e-008
  2.5235573e-008
  2.5236331e-008
  2.5237088e-008
  2.5237845e-008
  2.5238603e-008
  2.5239360e-008
  2.5240117e-008
  2.5240875e-008
  2.5241632e-008
  2.5242389e-008
  2.5243146e-008
  2.5243904e-008
  2.5244661e-008
  2.5245418e-008
  2.5246176e-008
  2.5246933e-008
  2.5247690e-008
  2.5248448e-008
  2.5249205e-008
  2.5249962e-008
  2.5250720e-008
  2.5251477e-008
  2.5252234e-008
  2.5252992e-008
  2.5253749e-008
  2.5254506e-008
  2.5255264e-008
  2.5256021e-008
  2.5256778e-008
  2.5257536e-008
  2.5258293e-008
  2.5259050e-008
  2.5259808e-008
  2.5260565e-008
  2.5261322e-008
  2.5262080e-008
  2.5262837e-008
  2.5263594e-008
  2.5264352e-008
  2.5265109e-008
  2.5265866e-008
  2.5266624e-008
  2.5267381e-008
  2.5268138e-008
  2.5268896e-008
  2.5269653e-008
  2.5270410e-008
  2.5271167e-008
  2.5271925e-008
  2.5272682e-008
  2.5273439e-008
  2.5274197e-008
  2.5274954e-008
  2.5275711e-008
  2.5276469e-008
  2.5277226e-008
  2.5277983e-008
  2.5278741e-008
  2.5279498e-008
  2.5280255e-008
  2.5281013e-008
  2.5281770e-008
  2.5282527e-008
  2.5283285e-008
  2.5284042e-008
  2.5284799e-008
  2.5285557e-008
  2.5286314e-008
  2.5287071e-008
  2.5287829e-008
  2.5288586e-008
  2.5289343e-008
  2.5290101e-008
  2.5290858e-008
  2.5291615e-008
  2.5292373e-008
  2.5293130e-008
  2.5293887e-008
  2.5294645e-008
  2.5295402e-008
  2.5296159e-008
  2.5296917e-008
  2.5297674e-008
  2.5298431e-008
  2.5299188e-008
  2.5299946e-008
  2.5300703e-008
  2.5301460e-008
  2.5302218e-008
  2.5302975e-008
  2.5303732e-008
  2.5304490e-008
  2.5305247e-008
  2.5306004e-008
  2.5306762e-008
  2.5307519e-008
  2.5308276e-008
  2.5309034e-008
  2.5309791e-008
  2.5310548e-008
  2.5311306e-008
  2.5312063e-008
  2.5312820e-008
  2.5313578e-008
  2.5314335e-008
  2.5315092e-008
  2.5315850e-008
  2.5316607e-008
  2.5317364e-008
  2.5318122e-008
  2.5318879e-008
  2.5319636e-008
  2.5320394e-008
  2.5321151e-008
  2.5321908e-008
  2.5322666e-008
  2.5323423e-008
  2.5324180e-008
  2.5324937e-008
  2.5325695e-008
  2.5326452e-008
  2.5327209e-008
  2.5327967e-008
  2.5328724e-008
  2.5329481e-008
  2.5330239e-008
  2.5330996e-008
  2.5331753e-008
  2.5332511e-008
  2.5333268e-008
  2.5334025e-008
  2.5334783e-008
  2.5335540e-008
  2.5336297e-008
  2.5337055e-008
  2.5337812e-008
  2.5338569e-008
  2.5339327e-008
  2.5340084e-008
  2.5340841e-008
  2.5341599e-008
  2.5342356e-008
  2.5343113e-008
  2.5343871e-008
  2.5344628e-008
  2.5345385e-008
  2.5346143e-008
  2.5346900e-008
  2.5347657e-008
  2.5348415e-008
  2.5349172e-008
  2.5349929e-008
  2.5350687e-008
  2.5351444e-008
  2.5352201e-008
  2.5352958e-008
  2.5353716e-008
  2.5354473e-008
  2.5355230e-008
  2.5355988e-008
  2.5356745e-008
  2.5357502e-008
  2.5358260e-008
  2.5359017e-008
  2.5359774e-008
  2.5360532e-008
  2.5361289e-008
  2.5362046e-008
  2.5362804e-008
  2.5363561e-008
  2.5364318e-008
  2.5365076e-008
  2.5365833e-008
  2.5366590e-008
  2.5367348e-008
  2.5368105e-008
  2.5368862e-008
  2.5369620e-008
  2.5370377e-008
  2.5371134e-008
  2.5371892e-008
  2.5372649e-008
  2.5373406e-008
  2.5374164e-008
  2.5374921e-008
  2.5375678e-008
  2.5376436e-008
  2.5377193e-008
  2.5377950e-008
  2.5378708e-008
  2.5379465e-008
  2.5380222e-008
  2.5380979e-008
  2.5381737e-008
  2.5382494e-008
  2.5383251e-008
  2.5384009e-008
  2.5384766e-008
  2.5385523e-008
  2.5386281e-008
  2.5387038e-008
  2.5387795e-008
  2.5388553e-008
  2.5389310e-008
  2.5390067e-008
  2.5390825e-008
  2.5391582e-008
  2.5392339e-008
  2.5393097e-008
  2.5393854e-008
  2.5394611e-008
  2.5395369e-008
  2.5396126e-008
  2.5396883e-008
  2.5397641e-008
  2.5398398e-008
  2.5399155e-008
  2.5399913e-008
  2.5400670e-008
  2.5401427e-008
  2.5402185e-008
  2.5402942e-008
  2.5403699e-008
  2.5404457e-008
  2.5405214e-008
  2.5405971e-008
  2.5406729e-008
  2.5407486e-008
  2.5408243e-008
  2.5409000e-008
  2.5409758e-008
  2.5410515e-008
  2.5411272e-008
  2.5412030e-008
  2.5412787e-008
  2.5413544e-008
  2.5414302e-008
  2.5415059e-008
  2.5415816e-008
  2.5416574e-008
  2.5417331e-008
  2.5418088e-008
  2.5418846e-008
  2.5419603e-008
  2.5420360e-008
  2.5421118e-008
  2.5421875e-008
  2.5422632e-008
  2.5423390e-008
  2.5424147e-008
  2.5424904e-008
  2.5425662e-008
  2.5426419e-008
  2.5427176e-008
  2.5427934e-008
  2.5428691e-008
  2.5429448e-008
  2.5430206e-008
  2.5430963e-008
  2.5431720e-008
  2.5432478e-008
  2.5433235e-008
  2.5433992e-008
  2.5434750e-008
  2.5435507e-008
  2.5436264e-008
  2.5437021e-008
  2.5437779e-008
  2.5438536e-008
  2.5439293e-008
  2.5440051e-008
  2.5440808e-008
  2.5441565e-008
  2.5442323e-008
  2.5443080e-008
  2.5443837e-008
  2.5444595e-008
  2.5445352e-008
  2.5446109e-008
  2.5446867e-008
  2.5447624e-008
  2.5448381e-008
  2.5449139e-008
  2.5449896e-008
  2.5450653e-008
  2.5451411e-008
  2.5452168e-008
  2.5452925e-008
  2.5453683e-008
  2.5454440e-008
  2.5455197e-008
  2.5455955e-008
  2.5456712e-008
  2.5457469e-008
  2.5458227e-008
  2.5458984e-008
  2.5459741e-008
  2.5460499e-008
  2.5461256e-008
  2.5462013e-008
  2.5462771e-008
  2.5463528e-008
  2.5464285e-008
  2.5465042e-008
  2.5465800e-008
  2.5466557e-008
  2.5467314e-008
  2.5468072e-008
  2.5468829e-008
  2.5469586e-008
  2.5470344e-008
  2.5471101e-008
  2.5471858e-008
  2.5472616e-008
  2.5473373e-008
  2.5474130e-008
  2.5474888e-008
  2.5475645e-008
  2.5476402e-008
  2.5477160e-008
  2.5477917e-008
  2.5478674e-008
  2.5479432e-008
  2.5480189e-008
  2.5480946e-008
  2.5481704e-008
  2.5482461e-008
  2.5483218e-008
  2.5483976e-008
  2.5484733e-008
  2.5485490e-008
  2.5486248e-008
  2.5487005e-008
  2.5487762e-008
  2.5488520e-008
  2.5489277e-008
  2.5490034e-008
  2.5490792e-008
  2.5491549e-008
  2.5492306e-008
  2.5493063e-008
  2.5493821e-008
  2.5494578e-008
  2.5495335e-008
  2.5496093e-008
  2.5496850e-008
  2.5497607e-008
  2.5498365e-008
  2.5499122e-008
  2.5499879e-008
  2.5500637e-008
  2.5501394e-008
  2.5502151e-008
  2.5502909e-008
  2.5503666e-008
  2.5504423e-008
  2.5505181e-008
  2.5505938e-008
  2.5506695e-008
  2.5507453e-008
  2.5508210e-008
  2.5508967e-008
  2.5509725e-008
  2.5510482e-008
  2.5511239e-008
  2.5511997e-008
  2.5512754e-008
  2.5513511e-008
  2.5514269e-008
  2.5515026e-008
  2.5515783e-008
  2.5516541e-008
  2.5517298e-008
  2.5518055e-008
  2.5518813e-008
  2.5519570e-008
  2.5520327e-008
  2.5521084e-008
  2.5521842e-008
  2.5522599e-008
  2.5523356e-008
  2.5524114e-008
  2.5524871e-008
  2.5525628e-008
  2.5526386e-008
  2.5527143e-008
  2.5527900e-008
  2.5528658e-008
  2.5529415e-008
  2.5530172e-008
  2.5530930e-008
  2.5531687e-008
  2.5532444e-008
  2.5533202e-008
  2.5533959e-008
  2.5534716e-008
  2.5535474e-008
  2.5536231e-008
  2.5536988e-008
  2.5537746e-008
  2.5538503e-008
  2.5539260e-008
  2.5540018e-008
  2.5540775e-008
  2.5541532e-008
  2.5542290e-008
  2.5543047e-008
  2.5543804e-008
  2.5544562e-008
  2.5545319e-008
  2.5546076e-008
  2.5546833e-008
  2.5547591e-008
  2.5548348e-008
  2.5549105e-008
  2.5549863e-008
  2.5550620e-008
  2.5551377e-008
  2.5552135e-008
  2.5552892e-008
  2.5553649e-008
  2.5554407e-008
  2.5555164e-008
  2.5555921e-008
  2.5556679e-008
  2.5557436e-008
  2.5558193e-008
  2.5558951e-008
  2.5559708e-008
  2.5560465e-008
  2.5561223e-008
  2.5561980e-008
  2.5562737e-008
  2.5563495e-008
  2.5564252e-008
  2.5565009e-008
  2.5565767e-008
  2.5566524e-008
  2.5567281e-008
  2.5568039e-008
  2.5568796e-008
  2.5569553e-008
  2.5570311e-008
  2.5571068e-008
  2.5571825e-008
  2.5572583e-008
  2.5573340e-008
  2.5574097e-008
  2.5574854e-008
  2.5575612e-008
  2.5576369e-008
  2.5577126e-008
  2.5577884e-008
  2.5578641e-008
  2.5579398e-008
  2.5580156e-008
  2.5580913e-008
  2.5581670e-008
  2.5582428e-008
  2.5583185e-008
  2.5583942e-008
  2.5584700e-008
  2.5585457e-008
  2.5586214e-008
  2.5586972e-008
  2.5587729e-008
  2.5588486e-008
  2.5589244e-008
  2.5590001e-008
  2.5590758e-008
  2.5591516e-008
  2.5592273e-008
  2.5593030e-008
  2.5593788e-008
  2.5594545e-008
  2.5595302e-008
  2.5596060e-008
  2.5596817e-008
  2.5597574e-008
  2.5598332e-008
  2.5599089e-008
  2.5599846e-008
  2.5600604e-008
  2.5601361e-008
  2.5602118e-008
  2.5602875e-008
  2.5603633e-008
  2.5604390e-008
  2.5605147e-008
  2.5605905e-008
  2.5606662e-008
  2.5607419e-008
  2.5608177e-008
  2.5608934e-008
  2.5609691e-008
  2.5610449e-008
  2.5611206e-008
  2.5611963e-008
  2.5612721e-008
  2.5613478e-008
  2.5614235e-008
  2.5614993e-008
  2.5615750e-008
  2.5616507e-008
  2.5617265e-008
  2.5618022e-008
  2.5618779e-008
  2.5619537e-008
  2.5620294e-008
  2.5621051e-008
  2.5621809e-008
  2.5622566e-008
  2.5623323e-008
  2.5624081e-008
  2.5624838e-008
  2.5625595e-008
  2.5626353e-008
  2.5627110e-008
  2.5627867e-008
  2.5628625e-008
  2.5629382e-008
  2.5630139e-008
  2.5630896e-008
  2.5631654e-008
  2.5632411e-008
  2.5633168e-008
  2.5633926e-008
  2.5634683e-008
  2.5635440e-008
  2.5636198e-008
  2.5636955e-008
  2.5637712e-008
  2.5638470e-008
  2.5639227e-008
  2.5639984e-008
  2.5640742e-008
  2.5641499e-008
  2.5642256e-008
  2.5643014e-008
  2.5643771e-008
  2.5644528e-008
  2.5645286e-008
  2.5646043e-008
  2.5646800e-008
  2.5647558e-008
  2.5648315e-008
  2.5649072e-008
  2.5649830e-008
  2.5650587e-008
  2.5651344e-008
  2.5652102e-008
  2.5652859e-008
  2.5653616e-008
  2.5654374e-008
  2.5655131e-008
  2.5655888e-008
  2.5656646e-008
  2.5657403e-008
  2.5658160e-008
  2.5658917e-008
  2.5659675e-008
  2.5660432e-008
  2.5661189e-008
  2.5661947e-008
  2.5662704e-008
  2.5663461e-008
  2.5664219e-008
  2.5664976e-008
  2.5665733e-008
  2.5666491e-008
  2.5667248e-008
  2.5668005e-008
  2.5668763e-008
  2.5669520e-008
  2.5670277e-008
  2.5671035e-008
  2.5671792e-008
  2.5672549e-008
  2.5673307e-008
  2.5674064e-008
  2.5674821e-008
  2.5675579e-008
  2.5676336e-008
  2.5677093e-008
  2.5677851e-008
  2.5678608e-008
  2.5679365e-008
  2.5680123e-008
  2.5680880e-008
  2.5681637e-008
  2.5682395e-008
  2.5683152e-008
  2.5683909e-008
  2.5684667e-008
  2.5685424e-008
  2.5686181e-008
  2.5686938e-008
  2.5687696e-008
  2.5688453e-008
  2.5689210e-008
  2.5689968e-008
  2.5690725e-008
  2.5691482e-008
  2.5692240e-008
  2.5692997e-008
  2.5693754e-008
  2.5694512e-008
  2.5695269e-008
  2.5696026e-008
  2.5696784e-008
  2.5697541e-008
  2.5698298e-008
  2.5699056e-008
  2.5699813e-008
  2.5700570e-008
  2.5701328e-008
  2.5702085e-008
  2.5702842e-008
  2.5703600e-008
  2.5704357e-008
  2.5705114e-008
  2.5705872e-008
  2.5706629e-008
  2.5707386e-008
  2.5708144e-008
  2.5708901e-008
  2.5709658e-008
  2.5710416e-008
  2.5711173e-008
  2.5711930e-008
  2.5712688e-008
  2.5713445e-008
  2.5714202e-008
  2.5714959e-008
  2.5715717e-008
  2.5716474e-008
  2.5717231e-008
  2.5717989e-008
  2.5718746e-008
  2.5719503e-008
  2.5720261e-008
  2.5721018e-008
  2.5721775e-008
  2.5722533e-008
  2.5723290e-008
  2.5724047e-008
  2.5724805e-008
  2.5725562e-008
  2.5726319e-008
  2.5727077e-008
  2.5727834e-008
  2.5728591e-008
  2.5729349e-008
  2.5730106e-008
  2.5730863e-008
  2.5731621e-008
  2.5732378e-008
  2.5733135e-008
  2.5733893e-008
  2.5734650e-008
  2.5735407e-008
  2.5736165e-008
  2.5736922e-008
  2.5737679e-008
  2.5738437e-008
  2.5739194e-008
  2.5739951e-008
  2.5740708e-008
  2.5741466e-008
  2.5742223e-008
  2.5742980e-008
  2.5743738e-008
  2.5744495e-008
  2.5745252e-008
  2.5746010e-008
  2.5746767e-008
  2.5747524e-008
  2.5748282e-008
  2.5749039e-008
  2.5749796e-008
  2.5750554e-008
  2.5751311e-008
  2.5752068e-008
  2.5752826e-008
  2.5753583e-008
  2.5754340e-008
  2.5755098e-008
  2.5755855e-008
  2.5756612e-008
  2.5757370e-008
  2.5758127e-008
  2.5758884e-008
  2.5759642e-008
  2.5760399e-008
  2.5761156e-008
  2.5761914e-008
  2.5762671e-008
  2.5763428e-008
  2.5764186e-008
  2.5764943e-008
  2.5765700e-008
  2.5766458e-008
  2.5767215e-008
  2.5767972e-008
  2.5768729e-008
  2.5769487e-008
  2.5770244e-008
  2.5771001e-008
  2.5771759e-008
  2.5772516e-008
  2.5773273e-008
  2.5774031e-008
  2.5774788e-008
  2.5775545e-008
  2.5776303e-008
  2.5777060e-008
  2.5777817e-008
  2.5778575e-008
  2.5779332e-008
  2.5780089e-008
  2.5780847e-008
  2.5781604e-008
  2.5782361e-008
  2.5783119e-008
  2.5783876e-008
  2.5784633e-008
  2.5785391e-008
  2.5786148e-008
  2.5786905e-008
  2.5787663e-008
  2.5788420e-008
  2.5789177e-008
  2.5789935e-008
  2.5790692e-008
  2.5791449e-008
  2.5792207e-008
  2.5792964e-008
  2.5793721e-008
  2.5794479e-008
  2.5795236e-008
  2.5795993e-008
  2.5796750e-008
  2.5797508e-008
  2.5798265e-008
  2.5799022e-008
  2.5799780e-008
  2.5800537e-008
  2.5801294e-008
  2.5802052e-008
  2.5802809e-008
  2.5803566e-008
  2.5804324e-008
  2.5805081e-008
  2.5805838e-008
  2.5806596e-008
  2.5807353e-008
  2.5808110e-008
  2.5808868e-008
  2.5809625e-008
  2.5810382e-008
  2.5811140e-008
  2.5811897e-008
  2.5812654e-008
  2.5813412e-008
  2.5814169e-008
  2.5814926e-008
  2.5815684e-008
  2.5816441e-008
  2.5817198e-008
  2.5817956e-008
  2.5818713e-008
  2.5819470e-008
  2.5820228e-008
  2.5820985e-008
  2.5821742e-008
  2.5822500e-008
  2.5823257e-008
  2.5824014e-008
  2.5824771e-008
  2.5825529e-008
  2.5826286e-008
  2.5827043e-008
  2.5827801e-008
  2.5828558e-008
  2.5829315e-008
  2.5830073e-008
  2.5830830e-008
  2.5831587e-008
  2.5832345e-008
  2.5833102e-008
  2.5833859e-008
  2.5834617e-008
  2.5835374e-008
  2.5836131e-008
  2.5836889e-008
  2.5837646e-008
  2.5838403e-008
  2.5839161e-008
  2.5839918e-008
  2.5840675e-008
  2.5841433e-008
  2.5842190e-008
  2.5842947e-008
  2.5843705e-008
  2.5844462e-008
  2.5845219e-008
  2.5845977e-008
  2.5846734e-008
  2.5847491e-008
  2.5848249e-008
  2.5849006e-008
  2.5849763e-008
  2.5850521e-008
  2.5851278e-008
  2.5852035e-008
  2.5852792e-008
  2.5853550e-008
  2.5854307e-008
  2.5855064e-008
  2.5855822e-008
  2.5856579e-008
  2.5857336e-008
  2.5858094e-008
  2.5858851e-008
  2.5859608e-008
  2.5860366e-008
  2.5861123e-008
  2.5861880e-008
  2.5862638e-008
  2.5863395e-008
  2.5864152e-008
  2.5864910e-008
  2.5865667e-008
  2.5866424e-008
  2.5867182e-008
  2.5867939e-008
  2.5868696e-008
  2.5869454e-008
  2.5870211e-008
  2.5870968e-008
  2.5871726e-008
  2.5872483e-008
  2.5873240e-008
  2.5873998e-008
  2.5874755e-008
  2.5875512e-008
  2.5876270e-008
  2.5877027e-008
  2.5877784e-008
  2.5878542e-008
  2.5879299e-008
  2.5880056e-008
  2.5880813e-008
  2.5881571e-008
  2.5882328e-008
  2.5883085e-008
  2.5883843e-008
  2.5884600e-008
  2.5885357e-008
  2.5886115e-008
  2.5886872e-008
  2.5887629e-008
  2.5888387e-008
  2.5889144e-008
  2.5889901e-008
  2.5890659e-008
  2.5891416e-008
  2.5892173e-008
  2.5892931e-008
  2.5893688e-008
  2.5894445e-008
  2.5895203e-008
  2.5895960e-008
  2.5896717e-008
  2.5897475e-008
  2.5898232e-008
  2.5898989e-008
  2.5899747e-008
  2.5900504e-008
  2.5901261e-008
  2.5902019e-008
  2.5902776e-008
  2.5903533e-008
  2.5904291e-008
  2.5905048e-008
  2.5905805e-008
  2.5906562e-008
  2.5907320e-008
  2.5908077e-008
  2.5908834e-008
  2.5909592e-008
  2.5910349e-008
  2.5911106e-008
  2.5911864e-008
  2.5912621e-008
  2.5913378e-008
  2.5914136e-008
  2.5914893e-008
  2.5915650e-008
  2.5916408e-008
  2.5917165e-008
  2.5917922e-008
  2.5918680e-008
  2.5919437e-008
  2.5920194e-008
  2.5920952e-008
  2.5921709e-008
  2.5922466e-008
  2.5923224e-008
  2.5923981e-008
  2.5924738e-008
  2.5925496e-008
  2.5926253e-008
  2.5927010e-008
  2.5927768e-008
  2.5928525e-008
  2.5929282e-008
  2.5930040e-008
  2.5930797e-008
  2.5931554e-008
  2.5932312e-008
  2.5933069e-008
  2.5933826e-008
  2.5934583e-008
  2.5935341e-008
  2.5936098e-008
  2.5936855e-008
  2.5937613e-008
  2.5938370e-008
  2.5939127e-008
  2.5939885e-008
  2.5940642e-008
  2.5941399e-008
  2.5942157e-008
  2.5942914e-008
  2.5943671e-008
  2.5944429e-008
  2.5945186e-008
  2.5945943e-008
  2.5946701e-008
  2.5947458e-008
  2.5948215e-008
  2.5948973e-008
  2.5949730e-008
  2.5950487e-008
  2.5951245e-008
  2.5952002e-008
  2.5952759e-008
  2.5953517e-008
  2.5954274e-008
  2.5955031e-008
  2.5955789e-008
  2.5956546e-008
  2.5957303e-008
  2.5958061e-008
  2.5958818e-008
  2.5959575e-008
  2.5960333e-008
  2.5961090e-008
  2.5961847e-008
  2.5962604e-008
  2.5963362e-008
  2.5964119e-008
  2.5964876e-008
  2.5965634e-008
  2.5966391e-008
  2.5967148e-008
  2.5967906e-008
  2.5968663e-008
  2.5969420e-008
  2.5970178e-008
  2.5970935e-008
  2.5971692e-008
  2.5972450e-008
  2.5973207e-008
  2.5973964e-008
  2.5974722e-008
  2.5975479e-008
  2.5976236e-008
  2.5976994e-008
  2.5977751e-008
  2.5978508e-008
  2.5979266e-008
  2.5980023e-008
  2.5980780e-008
  2.5981538e-008
  2.5982295e-008
  2.5983052e-008
  2.5983810e-008
  2.5984567e-008
  2.5985324e-008
  2.5986082e-008
  2.5986839e-008
  2.5987596e-008
  2.5988354e-008
  2.5989111e-008
  2.5989868e-008
  2.5990625e-008
  2.5991383e-008
  2.5992140e-008
  2.5992897e-008
  2.5993655e-008
  2.5994412e-008
  2.5995169e-008
  2.5995927e-008
  2.5996684e-008
  2.5997441e-008
  2.5998199e-008
  2.5998956e-008
  2.5999713e-008
  2.6000471e-008
  2.6001228e-008
  2.6001985e-008
  2.6002743e-008
  2.6003500e-008
  2.6004257e-008
  2.6005015e-008
  2.6005772e-008
  2.6006529e-008
  2.6007287e-008
  2.6008044e-008
  2.6008801e-008
  2.6009559e-008
  2.6010316e-008
  2.6011073e-008
  2.6011831e-008
  2.6012588e-008
  2.6013345e-008
  2.6014103e-008
  2.6014860e-008
  2.6015617e-008
  2.6016375e-008
  2.6017132e-008
  2.6017889e-008
  2.6018646e-008
  2.6019404e-008
  2.6020161e-008
  2.6020918e-008
  2.6021676e-008
  2.6022433e-008
  2.6023190e-008
  2.6023948e-008
  2.6024705e-008
  2.6025462e-008
  2.6026220e-008
  2.6026977e-008
  2.6027734e-008
  2.6028492e-008
  2.6029249e-008
  2.6030006e-008
  2.6030764e-008
  2.6031521e-008
  2.6032278e-008
  2.6033036e-008
  2.6033793e-008
  2.6034550e-008
  2.6035308e-008
  2.6036065e-008
  2.6036822e-008
  2.6037580e-008
  2.6038337e-008
  2.6039094e-008
  2.6039852e-008
  2.6040609e-008
  2.6041366e-008
  2.6042124e-008
  2.6042881e-008
  2.6043638e-008
  2.6044396e-008
  2.6045153e-008
  2.6045910e-008
  2.6046667e-008
  2.6047425e-008
  2.6048182e-008
  2.6048939e-008
  2.6049697e-008
  2.6050454e-008
  2.6051211e-008
  2.6051969e-008
  2.6052726e-008
  2.6053483e-008
  2.6054241e-008
  2.6054998e-008
  2.6055755e-008
  2.6056513e-008
  2.6057270e-008
  2.6058027e-008
  2.6058785e-008
  2.6059542e-008
  2.6060299e-008
  2.6061057e-008
  2.6061814e-008
  2.6062571e-008
  2.6063329e-008
  2.6064086e-008
  2.6064843e-008
  2.6065601e-008
  2.6066358e-008
  2.6067115e-008
  2.6067873e-008
  2.6068630e-008
  2.6069387e-008
  2.6070145e-008
  2.6070902e-008
  2.6071659e-008
  2.6072417e-008
  2.6073174e-008
  2.6073931e-008
  2.6074688e-008
  2.6075446e-008
  2.6076203e-008
  2.6076960e-008
  2.6077718e-008
  2.6078475e-008
  2.6079232e-008
  2.6079990e-008
  2.6080747e-008
  2.6081504e-008
  2.6082262e-008
  2.6083019e-008
  2.6083776e-008
  2.6084534e-008
  2.6085291e-008
  2.6086048e-008
  2.6086806e-008
  2.6087563e-008
  2.6088320e-008
  2.6089078e-008
  2.6089835e-008
  2.6090592e-008
  2.6091350e-008
  2.6092107e-008
  2.6092864e-008
  2.6093622e-008
  2.6094379e-008
  2.6095136e-008
  2.6095894e-008
  2.6096651e-008
  2.6097408e-008
  2.6098166e-008
  2.6098923e-008
  2.6099680e-008
  2.6100438e-008
  2.6101195e-008
  2.6101952e-008
  2.6102709e-008
  2.6103467e-008
  2.6104224e-008
  2.6104981e-008
  2.6105739e-008
  2.6106496e-008
  2.6107253e-008
  2.6108011e-008
  2.6108768e-008
  2.6109525e-008
  2.6110283e-008
  2.6111040e-008
  2.6111797e-008
  2.6112555e-008
  2.6113312e-008
  2.6114069e-008
  2.6114827e-008
  2.6115584e-008
  2.6116341e-008
  2.6117099e-008
  2.6117856e-008
  2.6118613e-008
  2.6119371e-008
  2.6120128e-008
  2.6120885e-008
  2.6121643e-008
  2.6122400e-008
  2.6123157e-008
  2.6123915e-008
  2.6124672e-008
  2.6125429e-008
  2.6126187e-008
  2.6126944e-008
  2.6127701e-008
  2.6128458e-008
  2.6129216e-008
  2.6129973e-008
  2.6130730e-008
  2.6131488e-008
  2.6132245e-008
  2.6133002e-008
  2.6133760e-008
  2.6134517e-008
  2.6135274e-008
  2.6136032e-008
  2.6136789e-008
  2.6137546e-008
  2.6138304e-008
  2.6139061e-008
  2.6139818e-008
  2.6140576e-008
  2.6141333e-008
  2.6142090e-008
  2.6142848e-008
  2.6143605e-008
  2.6144362e-008
  2.6145120e-008
  2.6145877e-008
  2.6146634e-008
  2.6147392e-008
  2.6148149e-008
  2.6148906e-008
  2.6149664e-008
  2.6150421e-008
  2.6151178e-008
  2.6151936e-008
  2.6152693e-008
  2.6153450e-008
  2.6154208e-008
  2.6154965e-008
  2.6155722e-008
  2.6156479e-008
  2.6157237e-008
  2.6157994e-008
  2.6158751e-008
  2.6159509e-008
  2.6160266e-008
  2.6161023e-008
  2.6161781e-008
  2.6162538e-008
  2.6163295e-008
  2.6164053e-008
  2.6164810e-008
  2.6165567e-008
  2.6166325e-008
  2.6167082e-008
  2.6167839e-008
  2.6168597e-008
  2.6169354e-008
  2.6170111e-008
  2.6170869e-008
  2.6171626e-008
  2.6172383e-008
  2.6173141e-008
  2.6173898e-008
  2.6174655e-008
  2.6175413e-008
  2.6176170e-008
  2.6176927e-008
  2.6177685e-008
  2.6178442e-008
  2.6179199e-008
  2.6179957e-008
  2.6180714e-008
  2.6181471e-008
  2.6182229e-008
  2.6182986e-008
  2.6183743e-008
  2.6184500e-008
  2.6185258e-008
  2.6186015e-008
  2.6186772e-008
  2.6187530e-008
  2.6188287e-008
  2.6189044e-008
  2.6189802e-008
  2.6190559e-008
  2.6191316e-008
  2.6192074e-008
  2.6192831e-008
  2.6193588e-008
  2.6194346e-008
  2.6195103e-008
  2.6195860e-008
  2.6196618e-008
  2.6197375e-008
  2.6198132e-008
  2.6198890e-008
  2.6199647e-008
  2.6200404e-008
  2.6201162e-008
  2.6201919e-008
  2.6202676e-008
  2.6203434e-008
  2.6204191e-008
  2.6204948e-008
  2.6205706e-008
  2.6206463e-008
  2.6207220e-008
  2.6207978e-008
  2.6208735e-008
  2.6209492e-008
  2.6210250e-008
  2.6211007e-008
  2.6211764e-008
  2.6212521e-008
  2.6213279e-008
  2.6214036e-008
  2.6214793e-008
  2.6215551e-008
  2.6216308e-008
  2.6217065e-008
  2.6217823e-008
  2.6218580e-008
  2.6219337e-008
  2.6220095e-008
  2.6220852e-008
  2.6221609e-008
  2.6222367e-008
  2.6223124e-008
  2.6223881e-008
  2.6224639e-008
  2.6225396e-008
  2.6226153e-008
  2.6226911e-008
  2.6227668e-008
  2.6228425e-008
  2.6229183e-008
  2.6229940e-008
  2.6230697e-008
  2.6231455e-008
  2.6232212e-008
  2.6232969e-008
  2.6233727e-008
  2.6234484e-008
  2.6235241e-008
  2.6235999e-008
  2.6236756e-008
  2.6237513e-008
  2.6238271e-008
  2.6239028e-008
  2.6239785e-008
  2.6240542e-008
  2.6241300e-008
  2.6242057e-008
  2.6242814e-008
  2.6243572e-008
  2.6244329e-008
  2.6245086e-008
  2.6245844e-008
  2.6246601e-008
  2.6247358e-008
  2.6248116e-008
  2.6248873e-008
  2.6249630e-008
  2.6250388e-008
  2.6251145e-008
  2.6251902e-008
  2.6252660e-008
  2.6253417e-008
  2.6254174e-008
  2.6254932e-008
  2.6255689e-008
  2.6256446e-008
  2.6257204e-008
  2.6257961e-008
  2.6258718e-008
  2.6259476e-008
  2.6260233e-008
  2.6260990e-008
  2.6261748e-008
  2.6262505e-008
  2.6263262e-008
  2.6264020e-008
  2.6264777e-008
  2.6265534e-008
  2.6266292e-008
  2.6267049e-008
  2.6267806e-008
  2.6268563e-008
  2.6269321e-008
  2.6270078e-008
  2.6270835e-008
  2.6271593e-008
  2.6272350e-008
  2.6273107e-008
  2.6273865e-008
  2.6274622e-008
  2.6275379e-008
  2.6276137e-008
  2.6276894e-008
  2.6277651e-008
  2.6278409e-008
  2.6279166e-008
  2.6279923e-008
  2.6280681e-008
  2.6281438e-008
  2.6282195e-008
  2.6282953e-008
  2.6283710e-008
  2.6284467e-008
  2.6285225e-008
  2.6285982e-008
  2.6286739e-008
  2.6287497e-008
  2.6288254e-008
  2.6289011e-008
  2.6289769e-008
  2.6290526e-008
  2.6291283e-008
  2.6292041e-008
  2.6292798e-008
  2.6293555e-008
  2.6294312e-008
  2.6295070e-008
  2.6295827e-008
  2.6296584e-008
  2.6297342e-008
  2.6298099e-008
  2.6298856e-008
  2.6299614e-008
  2.6300371e-008
  2.6301128e-008
  2.6301886e-008
  2.6302643e-008
  2.6303400e-008
  2.6304158e-008
  2.6304915e-008
  2.6305672e-008
  2.6306430e-008
  2.6307187e-008
  2.6307944e-008
  2.6308702e-008
  2.6309459e-008
  2.6310216e-008
  2.6310974e-008
  2.6311731e-008
  2.6312488e-008
  2.6313246e-008
  2.6314003e-008
  2.6314760e-008
  2.6315518e-008
  2.6316275e-008
  2.6317032e-008
  2.6317790e-008
  2.6318547e-008
  2.6319304e-008
  2.6320062e-008
  2.6320819e-008
  2.6321576e-008
  2.6322333e-008
  2.6323091e-008
  2.6323848e-008
  2.6324605e-008
  2.6325363e-008
  2.6326120e-008
  2.6326877e-008
  2.6327635e-008
  2.6328392e-008
  2.6329149e-008
  2.6329907e-008
  2.6330664e-008
  2.6331421e-008
  2.6332179e-008
  2.6332936e-008
  2.6333693e-008
  2.6334451e-008
  2.6335208e-008
  2.6335965e-008
  2.6336723e-008
  2.6337480e-008
  2.6338237e-008
  2.6338995e-008
  2.6339752e-008
  2.6340509e-008
  2.6341267e-008
  2.6342024e-008
  2.6342781e-008
  2.6343539e-008
  2.6344296e-008
  2.6345053e-008
  2.6345811e-008
  2.6346568e-008
  2.6347325e-008
  2.6348083e-008
  2.6348840e-008
  2.6349597e-008
  2.6350354e-008
  2.6351112e-008
  2.6351869e-008
  2.6352626e-008
  2.6353384e-008
  2.6354141e-008
  2.6354898e-008
  2.6355656e-008
  2.6356413e-008
  2.6357170e-008
  2.6357928e-008
  2.6358685e-008
  2.6359442e-008
  2.6360200e-008
  2.6360957e-008
  2.6361714e-008
  2.6362472e-008
  2.6363229e-008
  2.6363986e-008
  2.6364744e-008
  2.6365501e-008
  2.6366258e-008
  2.6367016e-008
  2.6367773e-008
  2.6368530e-008
  2.6369288e-008
  2.6370045e-008
  2.6370802e-008
  2.6371560e-008
  2.6372317e-008
  2.6373074e-008
  2.6373832e-008
  2.6374589e-008
  2.6375346e-008
  2.6376104e-008
  2.6376861e-008
  2.6377618e-008
  2.6378375e-008
  2.6379133e-008
  2.6379890e-008
  2.6380647e-008
  2.6381405e-008
  2.6382162e-008
  2.6382919e-008
  2.6383677e-008
  2.6384434e-008
  2.6385191e-008
  2.6385949e-008
  2.6386706e-008
  2.6387463e-008
  2.6388221e-008
  2.6388978e-008
  2.6389735e-008
  2.6390493e-008
  2.6391250e-008
  2.6392007e-008
  2.6392765e-008
  2.6393522e-008
  2.6394279e-008
  2.6395037e-008
  2.6395794e-008
  2.6396551e-008
  2.6397309e-008
  2.6398066e-008
  2.6398823e-008
  2.6399581e-008
  2.6400338e-008
  2.6401095e-008
  2.6401853e-008
  2.6402610e-008
  2.6403367e-008
  2.6404125e-008
  2.6404882e-008
  2.6405639e-008
  2.6406396e-008
  2.6407154e-008
  2.6407911e-008
  2.6408668e-008
  2.6409426e-008
  2.6410183e-008
  2.6410940e-008
  2.6411698e-008
  2.6412455e-008
  2.6413212e-008
  2.6413970e-008
  2.6414727e-008
  2.6415484e-008
  2.6416242e-008
  2.6416999e-008
  2.6417756e-008
  2.6418514e-008
  2.6419271e-008
  2.6420028e-008
  2.6420786e-008
  2.6421543e-008
  2.6422300e-008
  2.6423058e-008
  2.6423815e-008
  2.6424572e-008
  2.6425330e-008
  2.6426087e-008
  2.6426844e-008
  2.6427602e-008
  2.6428359e-008
  2.6429116e-008
  2.6429874e-008
  2.6430631e-008
  2.6431388e-008
  2.6432146e-008
  2.6432903e-008
  2.6433660e-008
  2.6434417e-008
  2.6435175e-008
  2.6435932e-008
  2.6436689e-008
  2.6437447e-008
  2.6438204e-008
  2.6438961e-008
  2.6439719e-008
  2.6440476e-008
  2.6441233e-008
  2.6441991e-008
  2.6442748e-008
  2.6443505e-008
  2.6444263e-008
  2.6445020e-008
  2.6445777e-008
  2.6446535e-008
  2.6447292e-008
  2.6448049e-008
  2.6448807e-008
  2.6449564e-008
  2.6450321e-008
  2.6451079e-008
  2.6451836e-008
  2.6452593e-008
  2.6453351e-008
  2.6454108e-008
  2.6454865e-008
  2.6455623e-008
  2.6456380e-008
  2.6457137e-008
  2.6457895e-008
  2.6458652e-008
  2.6459409e-008
  2.6460167e-008
  2.6460924e-008
  2.6461681e-008
  2.6462438e-008
  2.6463196e-008
  2.6463953e-008
  2.6464710e-008
  2.6465468e-008
  2.6466225e-008
  2.6466982e-008
  2.6467740e-008
  2.6468497e-008
  2.6469254e-008
  2.6470012e-008
  2.6470769e-008
  2.6471526e-008
  2.6472284e-008
  2.6473041e-008
  2.6473798e-008
  2.6474556e-008
  2.6475313e-008
  2.6476070e-008
  2.6476828e-008
  2.6477585e-008
  2.6478342e-008
  2.6479100e-008
  2.6479857e-008
  2.6480614e-008
  2.6481372e-008
  2.6482129e-008
  2.6482886e-008
  2.6483644e-008
  2.6484401e-008
  2.6485158e-008
  2.6485916e-008
  2.6486673e-008
  2.6487430e-008
  2.6488188e-008
  2.6488945e-008
  2.6489702e-008
  2.6490459e-008
  2.6491217e-008
  2.6491974e-008
  2.6492731e-008
  2.6493489e-008
  2.6494246e-008
  2.6495003e-008
  2.6495761e-008
  2.6496518e-008
  2.6497275e-008
  2.6498033e-008
  2.6498790e-008
  2.6499547e-008
  2.6500305e-008
  2.6501062e-008
  2.6501819e-008
  2.6502577e-008
  2.6503334e-008
  2.6504091e-008
  2.6504849e-008
  2.6505606e-008
  2.6506363e-008
  2.6507121e-008
  2.6507878e-008
  2.6508635e-008
  2.6509393e-008
  2.6510150e-008
  2.6510907e-008
  2.6511665e-008
  2.6512422e-008
  2.6513179e-008
  2.6513937e-008
  2.6514694e-008
  2.6515451e-008
  2.6516208e-008
  2.6516966e-008
  2.6517723e-008
  2.6518480e-008
  2.6519238e-008
  2.6519995e-008
  2.6520752e-008
  2.6521510e-008
  2.6522267e-008
  2.6523024e-008
  2.6523782e-008
  2.6524539e-008
  2.6525296e-008
  2.6526054e-008
  2.6526811e-008
  2.6527568e-008
  2.6528326e-008
  2.6529083e-008
  2.6529840e-008
  2.6530598e-008
  2.6531355e-008
  2.6532112e-008
  2.6532870e-008
  2.6533627e-008
  2.6534384e-008
  2.6535142e-008
  2.6535899e-008
  2.6536656e-008
  2.6537414e-008
  2.6538171e-008
  2.6538928e-008
  2.6539686e-008
  2.6540443e-008
  2.6541200e-008
  2.6541958e-008
  2.6542715e-008
  2.6543472e-008
  2.6544229e-008
  2.6544987e-008
  2.6545744e-008
  2.6546501e-008
  2.6547259e-008
  2.6548016e-008
  2.6548773e-008
  2.6549531e-008
  2.6550288e-008
  2.6551045e-008
  2.6551803e-008
  2.6552560e-008
  2.6553317e-008
  2.6554075e-008
  2.6554832e-008
  2.6555589e-008
  2.6556347e-008
  2.6557104e-008
  2.6557861e-008
  2.6558619e-008
  2.6559376e-008
  2.6560133e-008
  2.6560891e-008
  2.6561648e-008
  2.6562405e-008
  2.6563163e-008
  2.6563920e-008
  2.6564677e-008
  2.6565435e-008
  2.6566192e-008
  2.6566949e-008
  2.6567707e-008
  2.6568464e-008
  2.6569221e-008
  2.6569979e-008
  2.6570736e-008
  2.6571493e-008
  2.6572250e-008
  2.6573008e-008
  2.6573765e-008
  2.6574522e-008
  2.6575280e-008
  2.6576037e-008
  2.6576794e-008
  2.6577552e-008
  2.6578309e-008
  2.6579066e-008
  2.6579824e-008
  2.6580581e-008
  2.6581338e-008
  2.6582096e-008
  2.6582853e-008
  2.6583610e-008
  2.6584368e-008
  2.6585125e-008
  2.6585882e-008
  2.6586640e-008
  2.6587397e-008
  2.6588154e-008
  2.6588912e-008
  2.6589669e-008
  2.6590426e-008
  2.6591184e-008
  2.6591941e-008
  2.6592698e-008
  2.6593456e-008
  2.6594213e-008
  2.6594970e-008
  2.6595728e-008
  2.6596485e-008
  2.6597242e-008
  2.6598000e-008
  2.6598757e-008
  2.6599514e-008
  2.6600271e-008
  2.6601029e-008
  2.6601786e-008
  2.6602543e-008
  2.6603301e-008
  2.6604058e-008
  2.6604815e-008
  2.6605573e-008
  2.6606330e-008
  2.6607087e-008
  2.6607845e-008
  2.6608602e-008
  2.6609359e-008
  2.6610117e-008
  2.6610874e-008
  2.6611631e-008
  2.6612389e-008
  2.6613146e-008
  2.6613903e-008
  2.6614661e-008
  2.6615418e-008
  2.6616175e-008
  2.6616933e-008
  2.6617690e-008
  2.6618447e-008
  2.6619205e-008
  2.6619962e-008
  2.6620719e-008
  2.6621477e-008
  2.6622234e-008
  2.6622991e-008
  2.6623749e-008
  2.6624506e-008
  2.6625263e-008
  2.6626021e-008
  2.6626778e-008
  2.6627535e-008
  2.6628292e-008
  2.6629050e-008
  2.6629807e-008
  2.6630564e-008
  2.6631322e-008
  2.6632079e-008
  2.6632836e-008
  2.6633594e-008
  2.6634351e-008
  2.6635108e-008
  2.6635866e-008
  2.6636623e-008
  2.6637380e-008
  2.6638138e-008
  2.6638895e-008
  2.6639652e-008
  2.6640410e-008
  2.6641167e-008
  2.6641924e-008
  2.6642682e-008
  2.6643439e-008
  2.6644196e-008
  2.6644954e-008
  2.6645711e-008
  2.6646468e-008
  2.6647226e-008
  2.6647983e-008
  2.6648740e-008
  2.6649498e-008
  2.6650255e-008
  2.6651012e-008
  2.6651770e-008
  2.6652527e-008
  2.6653284e-008
  2.6654042e-008
  2.6654799e-008
  2.6655556e-008
  2.6656313e-008
  2.6657071e-008
  2.6657828e-008
  2.6658585e-008
  2.6659343e-008
  2.6660100e-008
  2.6660857e-008
  2.6661615e-008
  2.6662372e-008
  2.6663129e-008
  2.6663887e-008
  2.6664644e-008
  2.6665401e-008
  2.6666159e-008
  2.6666916e-008
  2.6667673e-008
  2.6668431e-008
  2.6669188e-008
  2.6669945e-008
  2.6670703e-008
  2.6671460e-008
  2.6672217e-008
  2.6672975e-008
  2.6673732e-008
  2.6674489e-008
  2.6675247e-008
  2.6676004e-008
  2.6676761e-008
  2.6677519e-008
  2.6678276e-008
  2.6679033e-008
  2.6679791e-008
  2.6680548e-008
  2.6681305e-008
  2.6682062e-008
  2.6682820e-008
  2.6683577e-008
  2.6684334e-008
  2.6685092e-008
  2.6685849e-008
  2.6686606e-008
  2.6687364e-008
  2.6688121e-008
  2.6688878e-008
  2.6689636e-008
  2.6690393e-008
  2.6691150e-008
  2.6691908e-008
  2.6692665e-008
  2.6693422e-008
  2.6694180e-008
  2.6694937e-008
  2.6695694e-008
  2.6696452e-008
  2.6697209e-008
  2.6697966e-008
  2.6698724e-008
  2.6699481e-008
  2.6700238e-008
  2.6700996e-008
  2.6701753e-008
  2.6702510e-008
  2.6703268e-008
  2.6704025e-008
  2.6704782e-008
  2.6705540e-008
  2.6706297e-008
  2.6707054e-008
  2.6707812e-008
  2.6708569e-008
  2.6709326e-008
  2.6710083e-008
  2.6710841e-008
  2.6711598e-008
  2.6712355e-008
  2.6713113e-008
  2.6713870e-008
  2.6714627e-008
  2.6715385e-008
  2.6716142e-008
  2.6716899e-008
  2.6717657e-008
  2.6718414e-008
  2.6719171e-008
  2.6719929e-008
  2.6720686e-008
  2.6721443e-008
  2.6722201e-008
  2.6722958e-008
  2.6723715e-008
  2.6724473e-008
  2.6725230e-008
  2.6725987e-008
  2.6726745e-008
  2.6727502e-008
  2.6728259e-008
  2.6729017e-008
  2.6729774e-008
  2.6730531e-008
  2.6731289e-008
  2.6732046e-008
  2.6732803e-008
  2.6733561e-008
  2.6734318e-008
  2.6735075e-008
  2.6735833e-008
  2.6736590e-008
  2.6737347e-008
  2.6738104e-008
  2.6738862e-008
  2.6739619e-008
  2.6740376e-008
  2.6741134e-008
  2.6741891e-008
  2.6742648e-008
  2.6743406e-008
  2.6744163e-008
  2.6744920e-008
  2.6745678e-008
  2.6746435e-008
  2.6747192e-008
  2.6747950e-008
  2.6748707e-008
  2.6749464e-008
  2.6750222e-008
  2.6750979e-008
  2.6751736e-008
  2.6752494e-008
  2.6753251e-008
  2.6754008e-008
  2.6754766e-008
  2.6755523e-008
  2.6756280e-008
  2.6757038e-008
  2.6757795e-008
  2.6758552e-008
  2.6759310e-008
  2.6760067e-008
  2.6760824e-008
  2.6761582e-008
  2.6762339e-008
  2.6763096e-008
  2.6763854e-008
  2.6764611e-008
  2.6765368e-008
  2.6766125e-008
  2.6766883e-008
  2.6767640e-008
  2.6768397e-008
  2.6769155e-008
  2.6769912e-008
  2.6770669e-008
  2.6771427e-008
  2.6772184e-008
  2.6772941e-008
  2.6773699e-008
  2.6774456e-008
  2.6775213e-008
  2.6775971e-008
  2.6776728e-008
  2.6777485e-008
  2.6778243e-008
  2.6779000e-008
  2.6779757e-008
  2.6780515e-008
  2.6781272e-008
  2.6782029e-008
  2.6782787e-008
  2.6783544e-008
  2.6784301e-008
  2.6785059e-008
  2.6785816e-008
  2.6786573e-008
  2.6787331e-008
  2.6788088e-008
  2.6788845e-008
  2.6789603e-008
  2.6790360e-008
  2.6791117e-008
  2.6791875e-008
  2.6792632e-008
  2.6793389e-008
  2.6794146e-008
  2.6794904e-008
  2.6795661e-008
  2.6796418e-008
  2.6797176e-008
  2.6797933e-008
  2.6798690e-008
  2.6799448e-008
  2.6800205e-008
  2.6800962e-008
  2.6801720e-008
  2.6802477e-008
  2.6803234e-008
  2.6803992e-008
  2.6804749e-008
  2.6805506e-008
  2.6806264e-008
  2.6807021e-008
  2.6807778e-008
  2.6808536e-008
  2.6809293e-008
  2.6810050e-008
  2.6810808e-008
  2.6811565e-008
  2.6812322e-008
  2.6813080e-008
  2.6813837e-008
  2.6814594e-008
  2.6815352e-008
  2.6816109e-008
  2.6816866e-008
  2.6817624e-008
  2.6818381e-008
  2.6819138e-008
  2.6819896e-008
  2.6820653e-008
  2.6821410e-008
  2.6822167e-008
  2.6822925e-008
  2.6823682e-008
  2.6824439e-008
  2.6825197e-008
  2.6825954e-008
  2.6826711e-008
  2.6827469e-008
  2.6828226e-008
  2.6828983e-008
  2.6829741e-008
  2.6830498e-008
  2.6831255e-008
  2.6832013e-008
  2.6832770e-008
  2.6833527e-008
  2.6834285e-008
  2.6835042e-008
  2.6835799e-008
  2.6836557e-008
  2.6837314e-008
  2.6838071e-008
  2.6838829e-008
  2.6839586e-008
  2.6840343e-008
  2.6841101e-008
  2.6841858e-008
  2.6842615e-008
  2.6843373e-008
  2.6844130e-008
  2.6844887e-008
  2.6845645e-008
  2.6846402e-008
  2.6847159e-008
  2.6847917e-008
  2.6848674e-008
  2.6849431e-008
  2.6850188e-008
  2.6850946e-008
  2.6851703e-008
  2.6852460e-008
  2.6853218e-008
  2.6853975e-008
  2.6854732e-008
  2.6855490e-008
  2.6856247e-008
  2.6857004e-008
  2.6857762e-008
  2.6858519e-008
  2.6859276e-008
  2.6860034e-008
  2.6860791e-008
  2.6861548e-008
  2.6862306e-008
  2.6863063e-008
  2.6863820e-008
  2.6864578e-008
  2.6865335e-008
  2.6866092e-008
  2.6866850e-008
  2.6867607e-008
  2.6868364e-008
  2.6869122e-008
  2.6869879e-008
  2.6870636e-008
  2.6871394e-008
  2.6872151e-008
  2.6872908e-008
  2.6873666e-008
  2.6874423e-008
  2.6875180e-008
  2.6875938e-008
  2.6876695e-008
  2.6877452e-008
  2.6878209e-008
  2.6878967e-008
  2.6879724e-008
  2.6880481e-008
  2.6881239e-008
  2.6881996e-008
  2.6882753e-008
  2.6883511e-008
  2.6884268e-008
  2.6885025e-008
  2.6885783e-008
  2.6886540e-008
  2.6887297e-008
  2.6888055e-008
  2.6888812e-008
  2.6889569e-008
  2.6890327e-008
  2.6891084e-008
  2.6891841e-008
  2.6892599e-008
  2.6893356e-008
  2.6894113e-008
  2.6894871e-008
  2.6895628e-008
  2.6896385e-008
  2.6897143e-008
  2.6897900e-008
  2.6898657e-008
  2.6899415e-008
  2.6900172e-008
  2.6900929e-008
  2.6901687e-008
  2.6902444e-008
  2.6903201e-008
  2.6903958e-008
  2.6904716e-008
  2.6905473e-008
  2.6906230e-008
  2.6906988e-008
  2.6907745e-008
  2.6908502e-008
  2.6909260e-008
  2.6910017e-008
  2.6910774e-008
  2.6911532e-008
  2.6912289e-008
  2.6913046e-008
  2.6913804e-008
  2.6914561e-008
  2.6915318e-008
  2.6916076e-008
  2.6916833e-008
  2.6917590e-008
  2.6918348e-008
  2.6919105e-008
  2.6919862e-008
  2.6920620e-008
  2.6921377e-008
  2.6922134e-008
  2.6922892e-008
  2.6923649e-008
  2.6924406e-008
  2.6925164e-008
  2.6925921e-008
  2.6926678e-008
  2.6927436e-008
  2.6928193e-008
  2.6928950e-008
  2.6929708e-008
  2.6930465e-008
  2.6931222e-008
  2.6931979e-008
  2.6932737e-008
  2.6933494e-008
  2.6934251e-008
  2.6935009e-008
  2.6935766e-008
  2.6936523e-008
  2.6937281e-008
  2.6938038e-008
  2.6938795e-008
  2.6939553e-008
  2.6940310e-008
  2.6941067e-008
  2.6941825e-008
  2.6942582e-008
  2.6943339e-008
  2.6944097e-008
  2.6944854e-008
  2.6945611e-008
  2.6946369e-008
  2.6947126e-008
  2.6947883e-008
  2.6948641e-008
  2.6949398e-008
  2.6950155e-008
  2.6950913e-008
  2.6951670e-008
  2.6952427e-008
  2.6953185e-008
  2.6953942e-008
  2.6954699e-008
  2.6955457e-008
  2.6956214e-008
  2.6956971e-008
  2.6957729e-008
  2.6958486e-008
  2.6959243e-008
  2.6960000e-008
  2.6960758e-008
  2.6961515e-008
  2.6962272e-008
  2.6963030e-008
  2.6963787e-008
  2.6964544e-008
  2.6965302e-008
  2.6966059e-008
  2.6966816e-008
  2.6967574e-008
  2.6968331e-008
  2.6969088e-008
  2.6969846e-008
  2.6970603e-008
  2.6971360e-008
  2.6972118e-008
  2.6972875e-008
  2.6973632e-008
  2.6974390e-008
  2.6975147e-008
  2.6975904e-008
  2.6976662e-008
  2.6977419e-008
  2.6978176e-008
  2.6978934e-008
  2.6979691e-008
  2.6980448e-008
  2.6981206e-008
  2.6981963e-008
  2.6982720e-008
  2.6983478e-008
  2.6984235e-008
  2.6984992e-008
  2.6985750e-008
  2.6986507e-008
  2.6987264e-008
  2.6988021e-008
  2.6988779e-008
  2.6989536e-008
  2.6990293e-008
  2.6991051e-008
  2.6991808e-008
  2.6992565e-008
  2.6993323e-008
  2.6994080e-008
  2.6994837e-008
  2.6995595e-008
  2.6996352e-008
  2.6997109e-008
  2.6997867e-008
  2.6998624e-008
  2.6999381e-008
  2.7000139e-008
  2.7000896e-008
  2.7001653e-008
  2.7002411e-008
  2.7003168e-008
  2.7003925e-008
  2.7004683e-008
  2.7005440e-008
  2.7006197e-008
  2.7006955e-008
  2.7007712e-008
  2.7008469e-008
  2.7009227e-008
  2.7009984e-008
  2.7010741e-008
  2.7011499e-008
  2.7012256e-008
  2.7013013e-008
  2.7013771e-008
  2.7014528e-008
  2.7015285e-008
  2.7016042e-008
  2.7016800e-008
  2.7017557e-008
  2.7018314e-008
  2.7019072e-008
  2.7019829e-008
  2.7020586e-008
  2.7021344e-008
  2.7022101e-008
  2.7022858e-008
  2.7023616e-008
  2.7024373e-008
  2.7025130e-008
  2.7025888e-008
  2.7026645e-008
  2.7027402e-008
  2.7028160e-008
  2.7028917e-008
  2.7029674e-008
  2.7030432e-008
  2.7031189e-008
  2.7031946e-008
  2.7032704e-008
  2.7033461e-008
  2.7034218e-008
  2.7034976e-008
  2.7035733e-008
  2.7036490e-008
  2.7037248e-008
  2.7038005e-008
  2.7038762e-008
  2.7039520e-008
  2.7040277e-008
  2.7041034e-008
  2.7041792e-008
  2.7042549e-008
  2.7043306e-008
  2.7044063e-008
  2.7044821e-008
  2.7045578e-008
  2.7046335e-008
  2.7047093e-008
  2.7047850e-008
  2.7048607e-008
  2.7049365e-008
  2.7050122e-008
  2.7050879e-008
  2.7051637e-008
  2.7052394e-008
  2.7053151e-008
  2.7053909e-008
  2.7054666e-008
  2.7055423e-008
  2.7056181e-008
  2.7056938e-008
  2.7057695e-008
  2.7058453e-008
  2.7059210e-008
  2.7059967e-008
  2.7060725e-008
  2.7061482e-008
  2.7062239e-008
  2.7062997e-008
  2.7063754e-008
  2.7064511e-008
  2.7065269e-008
  2.7066026e-008
  2.7066783e-008
  2.7067541e-008
  2.7068298e-008
  2.7069055e-008
  2.7069813e-008
  2.7070570e-008
  2.7071327e-008
  2.7072084e-008
  2.7072842e-008
  2.7073599e-008
  2.7074356e-008
  2.7075114e-008
  2.7075871e-008
  2.7076628e-008
  2.7077386e-008
  2.7078143e-008
  2.7078900e-008
  2.7079658e-008
  2.7080415e-008
  2.7081172e-008
  2.7081930e-008
  2.7082687e-008
  2.7083444e-008
  2.7084202e-008
  2.7084959e-008
  2.7085716e-008
  2.7086474e-008
  2.7087231e-008
  2.7087988e-008
  2.7088746e-008
  2.7089503e-008
  2.7090260e-008
  2.7091018e-008
  2.7091775e-008
  2.7092532e-008
  2.7093290e-008
  2.7094047e-008
  2.7094804e-008
  2.7095562e-008
  2.7096319e-008
  2.7097076e-008
  2.7097833e-008
  2.7098591e-008
  2.7099348e-008
  2.7100105e-008
  2.7100863e-008
  2.7101620e-008
  2.7102377e-008
  2.7103135e-008
  2.7103892e-008
  2.7104649e-008
  2.7105407e-008
  2.7106164e-008
  2.7106921e-008
  2.7107679e-008
  2.7108436e-008
  2.7109193e-008
  2.7109951e-008
  2.7110708e-008
  2.7111465e-008
  2.7112223e-008
  2.7112980e-008
  2.7113737e-008
  2.7114495e-008
  2.7115252e-008
  2.7116009e-008
  2.7116767e-008
  2.7117524e-008
  2.7118281e-008
  2.7119039e-008
  2.7119796e-008
  2.7120553e-008
  2.7121311e-008
  2.7122068e-008
  2.7122825e-008
  2.7123583e-008
  2.7124340e-008
  2.7125097e-008
  2.7125854e-008
  2.7126612e-008
  2.7127369e-008
  2.7128126e-008
  2.7128884e-008
  2.7129641e-008
  2.7130398e-008
  2.7131156e-008
  2.7131913e-008
  2.7132670e-008
  2.7133428e-008
  2.7134185e-008
  2.7134942e-008
  2.7135700e-008
  2.7136457e-008
  2.7137214e-008
  2.7137972e-008
  2.7138729e-008
  2.7139486e-008
  2.7140244e-008
  2.7141001e-008
  2.7141758e-008
  2.7142516e-008
  2.7143273e-008
  2.7144030e-008
  2.7144788e-008
  2.7145545e-008
  2.7146302e-008
  2.7147060e-008
  2.7147817e-008
  2.7148574e-008
  2.7149332e-008
  2.7150089e-008
  2.7150846e-008
  2.7151604e-008
  2.7152361e-008
  2.7153118e-008
  2.7153875e-008
  2.7154633e-008
  2.7155390e-008
  2.7156147e-008
  2.7156905e-008
  2.7157662e-008
  2.7158419e-008
  2.7159177e-008
  2.7159934e-008
  2.7160691e-008
  2.7161449e-008
  2.7162206e-008
  2.7162963e-008
  2.7163721e-008
  2.7164478e-008
  2.7165235e-008
  2.7165993e-008
  2.7166750e-008
  2.7167507e-008
  2.7168265e-008
  2.7169022e-008
  2.7169779e-008
  2.7170537e-008
  2.7171294e-008
  2.7172051e-008
  2.7172809e-008
  2.7173566e-008
  2.7174323e-008
  2.7175081e-008
  2.7175838e-008
  2.7176595e-008
  2.7177353e-008
  2.7178110e-008
  2.7178867e-008
  2.7179625e-008
  2.7180382e-008
  2.7181139e-008
  2.7181896e-008
  2.7182654e-008
  2.7183411e-008
  2.7184168e-008
  2.7184926e-008
  2.7185683e-008
  2.7186440e-008
  2.7187198e-008
  2.7187955e-008
  2.7188712e-008
  2.7189470e-008
  2.7190227e-008
  2.7190984e-008
  2.7191742e-008
  2.7192499e-008
  2.7193256e-008
  2.7194014e-008
  2.7194771e-008
  2.7195528e-008
  2.7196286e-008
  2.7197043e-008
  2.7197800e-008
  2.7198558e-008
  2.7199315e-008
  2.7200072e-008
  2.7200830e-008
  2.7201587e-008
  2.7202344e-008
  2.7203102e-008
  2.7203859e-008
  2.7204616e-008
  2.7205374e-008
  2.7206131e-008
  2.7206888e-008
  2.7207646e-008
  2.7208403e-008
  2.7209160e-008
  2.7209917e-008
  2.7210675e-008
  2.7211432e-008
  2.7212189e-008
  2.7212947e-008
  2.7213704e-008
  2.7214461e-008
  2.7215219e-008
  2.7215976e-008
  2.7216733e-008
  2.7217491e-008
  2.7218248e-008
  2.7219005e-008
  2.7219763e-008
  2.7220520e-008
  2.7221277e-008
  2.7222035e-008
  2.7222792e-008
  2.7223549e-008
  2.7224307e-008
  2.7225064e-008
  2.7225821e-008
  2.7226579e-008
  2.7227336e-008
  2.7228093e-008
  2.7228851e-008
  2.7229608e-008
  2.7230365e-008
  2.7231123e-008
  2.7231880e-008
  2.7232637e-008
  2.7233395e-008
  2.7234152e-008
  2.7234909e-008
  2.7235667e-008
  2.7236424e-008
  2.7237181e-008
  2.7237938e-008
  2.7238696e-008
  2.7239453e-008
  2.7240210e-008
  2.7240968e-008
  2.7241725e-008
  2.7242482e-008
  2.7243240e-008
  2.7243997e-008
  2.7244754e-008
  2.7245512e-008
  2.7246269e-008
  2.7247026e-008
  2.7247784e-008
  2.7248541e-008
  2.7249298e-008
  2.7250056e-008
  2.7250813e-008
  2.7251570e-008
  2.7252328e-008
  2.7253085e-008
  2.7253842e-008
  2.7254600e-008
  2.7255357e-008
  2.7256114e-008
  2.7256872e-008
  2.7257629e-008
  2.7258386e-008
  2.7259144e-008
  2.7259901e-008
  2.7260658e-008
  2.7261416e-008
  2.7262173e-008
  2.7262930e-008
  2.7263688e-008
  2.7264445e-008
  2.7265202e-008
  2.7265959e-008
  2.7266717e-008
  2.7267474e-008
  2.7268231e-008
  2.7268989e-008
  2.7269746e-008
  2.7270503e-008
  2.7271261e-008
  2.7272018e-008
  2.7272775e-008
  2.7273533e-008
  2.7274290e-008
  2.7275047e-008
  2.7275805e-008
  2.7276562e-008
  2.7277319e-008
  2.7278077e-008
  2.7278834e-008
  2.7279591e-008
  2.7280349e-008
  2.7281106e-008
  2.7281863e-008
  2.7282621e-008
  2.7283378e-008
  2.7284135e-008
  2.7284893e-008
  2.7285650e-008
  2.7286407e-008
  2.7287165e-008
  2.7287922e-008
  2.7288679e-008
  2.7289437e-008
  2.7290194e-008
  2.7290951e-008
  2.7291708e-008
  2.7292466e-008
  2.7293223e-008
  2.7293980e-008
  2.7294738e-008
  2.7295495e-008
  2.7296252e-008
  2.7297010e-008
  2.7297767e-008
  2.7298524e-008
  2.7299282e-008
  2.7300039e-008
  2.7300796e-008
  2.7301554e-008
  2.7302311e-008
  2.7303068e-008
  2.7303826e-008
  2.7304583e-008
  2.7305340e-008
  2.7306098e-008
  2.7306855e-008
  2.7307612e-008
  2.7308370e-008
  2.7309127e-008
  2.7309884e-008
  2.7310642e-008
  2.7311399e-008
  2.7312156e-008
  2.7312914e-008
  2.7313671e-008
  2.7314428e-008
  2.7315186e-008
  2.7315943e-008
  2.7316700e-008
  2.7317458e-008
  2.7318215e-008
  2.7318972e-008
  2.7319729e-008
  2.7320487e-008
  2.7321244e-008
  2.7322001e-008
  2.7322759e-008
  2.7323516e-008
  2.7324273e-008
  2.7325031e-008
  2.7325788e-008
  2.7326545e-008
  2.7327303e-008
  2.7328060e-008
  2.7328817e-008
  2.7329575e-008
  2.7330332e-008
  2.7331089e-008
  2.7331847e-008
  2.7332604e-008
  2.7333361e-008
  2.7334119e-008
  2.7334876e-008
  2.7335633e-008
  2.7336391e-008
  2.7337148e-008
  2.7337905e-008
  2.7338663e-008
  2.7339420e-008
  2.7340177e-008
  2.7340935e-008
  2.7341692e-008
  2.7342449e-008
  2.7343207e-008
  2.7343964e-008
  2.7344721e-008
  2.7345479e-008
  2.7346236e-008
  2.7346993e-008
  2.7347750e-008
  2.7348508e-008
  2.7349265e-008
  2.7350022e-008
  2.7350780e-008
  2.7351537e-008
  2.7352294e-008
  2.7353052e-008
  2.7353809e-008
  2.7354566e-008
  2.7355324e-008
  2.7356081e-008
  2.7356838e-008
  2.7357596e-008
  2.7358353e-008
  2.7359110e-008
  2.7359868e-008
  2.7360625e-008
  2.7361382e-008
  2.7362140e-008
  2.7362897e-008
  2.7363654e-008
  2.7364412e-008
  2.7365169e-008
  2.7365926e-008
  2.7366684e-008
  2.7367441e-008
  2.7368198e-008
  2.7368956e-008
  2.7369713e-008
  2.7370470e-008
  2.7371228e-008
  2.7371985e-008
  2.7372742e-008
  2.7373500e-008
  2.7374257e-008
  2.7375014e-008
  2.7375771e-008
  2.7376529e-008
  2.7377286e-008
  2.7378043e-008
  2.7378801e-008
  2.7379558e-008
  2.7380315e-008
  2.7381073e-008
  2.7381830e-008
  2.7382587e-008
  2.7383345e-008
  2.7384102e-008
  2.7384859e-008
  2.7385617e-008
  2.7386374e-008
  2.7387131e-008
  2.7387889e-008
  2.7388646e-008
  2.7389403e-008
  2.7390161e-008
  2.7390918e-008
  2.7391675e-008
  2.7392433e-008
  2.7393190e-008
  2.7393947e-008
  2.7394705e-008
  2.7395462e-008
  2.7396219e-008
  2.7396977e-008
  2.7397734e-008
  2.7398491e-008
  2.7399249e-008
  2.7400006e-008
  2.7400763e-008
  2.7401521e-008
  2.7402278e-008
  2.7403035e-008
  2.7403792e-008
  2.7404550e-008
  2.7405307e-008
  2.7406064e-008
  2.7406822e-008
  2.7407579e-008
  2.7408336e-008
  2.7409094e-008
  2.7409851e-008
  2.7410608e-008
  2.7411366e-008
  2.7412123e-008
  2.7412880e-008
  2.7413638e-008
  2.7414395e-008
  2.7415152e-008
  2.7415910e-008
  2.7416667e-008
  2.7417424e-008
  2.7418182e-008
  2.7418939e-008
  2.7419696e-008
  2.7420454e-008
  2.7421211e-008
  2.7421968e-008
  2.7422726e-008
  2.7423483e-008
  2.7424240e-008
  2.7424998e-008
  2.7425755e-008
  2.7426512e-008
  2.7427270e-008
  2.7428027e-008
  2.7428784e-008
  2.7429542e-008
  2.7430299e-008
  2.7431056e-008
  2.7431813e-008
  2.7432571e-008
  2.7433328e-008
  2.7434085e-008
  2.7434843e-008
  2.7435600e-008
  2.7436357e-008
  2.7437115e-008
  2.7437872e-008
  2.7438629e-008
  2.7439387e-008
  2.7440144e-008
  2.7440901e-008
  2.7441659e-008
  2.7442416e-008
  2.7443173e-008
  2.7443931e-008
  2.7444688e-008
  2.7445445e-008
  2.7446203e-008
  2.7446960e-008
  2.7447717e-008
  2.7448475e-008
  2.7449232e-008
  2.7449989e-008
  2.7450747e-008
  2.7451504e-008
  2.7452261e-008
  2.7453019e-008
  2.7453776e-008
  2.7454533e-008
  2.7455291e-008
  2.7456048e-008
  2.7456805e-008
  2.7457563e-008
  2.7458320e-008
  2.7459077e-008
  2.7459834e-008
  2.7460592e-008
  2.7461349e-008
  2.7462106e-008
  2.7462864e-008
  2.7463621e-008
  2.7464378e-008
  2.7465136e-008
  2.7465893e-008
  2.7466650e-008
  2.7467408e-008
  2.7468165e-008
  2.7468922e-008
  2.7469680e-008
  2.7470437e-008
  2.7471194e-008
  2.7471952e-008
  2.7472709e-008
  2.7473466e-008
  2.7474224e-008
  2.7474981e-008
  2.7475738e-008
  2.7476496e-008
  2.7477253e-008
  2.7478010e-008
  2.7478768e-008
  2.7479525e-008
  2.7480282e-008
  2.7481040e-008
  2.7481797e-008
  2.7482554e-008
  2.7483312e-008
  2.7484069e-008
  2.7484826e-008
  2.7485583e-008
  2.7486341e-008
  2.7487098e-008
  2.7487855e-008
  2.7488613e-008
  2.7489370e-008
  2.7490127e-008
  2.7490885e-008
  2.7491642e-008
  2.7492399e-008
  2.7493157e-008
  2.7493914e-008
  2.7494671e-008
  2.7495429e-008
  2.7496186e-008
  2.7496943e-008
  2.7497701e-008
  2.7498458e-008
  2.7499215e-008
  2.7499973e-008
  2.7500730e-008
  2.7501487e-008
  2.7502245e-008
  2.7503002e-008
  2.7503759e-008
  2.7504517e-008
  2.7505274e-008
  2.7506031e-008
  2.7506789e-008
  2.7507546e-008
  2.7508303e-008
  2.7509061e-008
  2.7509818e-008
  2.7510575e-008
  2.7511333e-008
  2.7512090e-008
  2.7512847e-008
  2.7513604e-008
  2.7514362e-008
  2.7515119e-008
  2.7515876e-008
  2.7516634e-008
  2.7517391e-008
  2.7518148e-008
  2.7518906e-008
  2.7519663e-008
  2.7520420e-008
  2.7521178e-008
  2.7521935e-008
  2.7522692e-008
  2.7523450e-008
  2.7524207e-008
  2.7524964e-008
  2.7525722e-008
  2.7526479e-008
  2.7527236e-008
  2.7527994e-008
  2.7528751e-008
  2.7529508e-008
  2.7530266e-008
  2.7531023e-008
  2.7531780e-008
  2.7532538e-008
  2.7533295e-008
  2.7534052e-008
  2.7534810e-008
  2.7535567e-008
  2.7536324e-008
  2.7537082e-008
  2.7537839e-008
  2.7538596e-008
  2.7539354e-008
  2.7540111e-008
  2.7540868e-008
  2.7541625e-008
  2.7542383e-008
  2.7543140e-008
  2.7543897e-008
  2.7544655e-008
  2.7545412e-008
  2.7546169e-008
  2.7546927e-008
  2.7547684e-008
  2.7548441e-008
  2.7549199e-008
  2.7549956e-008
  2.7550713e-008
  2.7551471e-008
  2.7552228e-008
  2.7552985e-008
  2.7553743e-008
  2.7554500e-008
  2.7555257e-008
  2.7556015e-008
  2.7556772e-008
  2.7557529e-008
  2.7558287e-008
  2.7559044e-008
  2.7559801e-008
  2.7560559e-008
  2.7561316e-008
  2.7562073e-008
  2.7562831e-008
  2.7563588e-008
  2.7564345e-008
  2.7565103e-008
  2.7565860e-008
  2.7566617e-008
  2.7567375e-008
  2.7568132e-008
  2.7568889e-008
  2.7569646e-008
  2.7570404e-008
  2.7571161e-008
  2.7571918e-008
  2.7572676e-008
  2.7573433e-008
  2.7574190e-008
  2.7574948e-008
  2.7575705e-008
  2.7576462e-008
  2.7577220e-008
  2.7577977e-008
  2.7578734e-008
  2.7579492e-008
  2.7580249e-008
  2.7581006e-008
  2.7581764e-008
  2.7582521e-008
  2.7583278e-008
  2.7584036e-008
  2.7584793e-008
  2.7585550e-008
  2.7586308e-008
  2.7587065e-008
  2.7587822e-008
  2.7588580e-008
  2.7589337e-008
  2.7590094e-008
  2.7590852e-008
  2.7591609e-008
  2.7592366e-008
  2.7593124e-008
  2.7593881e-008
  2.7594638e-008
  2.7595396e-008
  2.7596153e-008
  2.7596910e-008
  2.7597667e-008
  2.7598425e-008
  2.7599182e-008
  2.7599939e-008
  2.7600697e-008
  2.7601454e-008
  2.7602211e-008
  2.7602969e-008
  2.7603726e-008
  2.7604483e-008
  2.7605241e-008
  2.7605998e-008
  2.7606755e-008
  2.7607513e-008
  2.7608270e-008
  2.7609027e-008
  2.7609785e-008
  2.7610542e-008
  2.7611299e-008
  2.7612057e-008
  2.7612814e-008
  2.7613571e-008
  2.7614329e-008
  2.7615086e-008
  2.7615843e-008
  2.7616601e-008
  2.7617358e-008
  2.7618115e-008
  2.7618873e-008
  2.7619630e-008
  2.7620387e-008
  2.7621145e-008
  2.7621902e-008
  2.7622659e-008
  2.7623417e-008
  2.7624174e-008
  2.7624931e-008
  2.7625688e-008
  2.7626446e-008
  2.7627203e-008
  2.7627960e-008
  2.7628718e-008
  2.7629475e-008
  2.7630232e-008
  2.7630990e-008
  2.7631747e-008
  2.7632504e-008
  2.7633262e-008
  2.7634019e-008
  2.7634776e-008
  2.7635534e-008
  2.7636291e-008
  2.7637048e-008
  2.7637806e-008
  2.7638563e-008
  2.7639320e-008
  2.7640078e-008
  2.7640835e-008
  2.7641592e-008
  2.7642350e-008
  2.7643107e-008
  2.7643864e-008
  2.7644622e-008
  2.7645379e-008
  2.7646136e-008
  2.7646894e-008
  2.7647651e-008
  2.7648408e-008
  2.7649166e-008
  2.7649923e-008
  2.7650680e-008
  2.7651437e-008
  2.7652195e-008
  2.7652952e-008
  2.7653709e-008
  2.7654467e-008
  2.7655224e-008
  2.7655981e-008
  2.7656739e-008
  2.7657496e-008
  2.7658253e-008
  2.7659011e-008
  2.7659768e-008
  2.7660525e-008
  2.7661283e-008
  2.7662040e-008
  2.7662797e-008
  2.7663555e-008
  2.7664312e-008
  2.7665069e-008
  2.7665827e-008
  2.7666584e-008
  2.7667341e-008
  2.7668099e-008
  2.7668856e-008
  2.7669613e-008
  2.7670371e-008
  2.7671128e-008
  2.7671885e-008
  2.7672643e-008
  2.7673400e-008
  2.7674157e-008
  2.7674915e-008
  2.7675672e-008
  2.7676429e-008
  2.7677187e-008
  2.7677944e-008
  2.7678701e-008
  2.7679458e-008
  2.7680216e-008
  2.7680973e-008
  2.7681730e-008
  2.7682488e-008
  2.7683245e-008
  2.7684002e-008
  2.7684760e-008
  2.7685517e-008
  2.7686274e-008
  2.7687032e-008
  2.7687789e-008
  2.7688546e-008
  2.7689304e-008
  2.7690061e-008
  2.7690818e-008
  2.7691576e-008
  2.7692333e-008
  2.7693090e-008
  2.7693848e-008
  2.7694605e-008
  2.7695362e-008
  2.7696120e-008
  2.7696877e-008
  2.7697634e-008
  2.7698392e-008
  2.7699149e-008
  2.7699906e-008
  2.7700664e-008
  2.7701421e-008
  2.7702178e-008
  2.7702936e-008
  2.7703693e-008
  2.7704450e-008
  2.7705208e-008
  2.7705965e-008
  2.7706722e-008
  2.7707479e-008
  2.7708237e-008
  2.7708994e-008
  2.7709751e-008
  2.7710509e-008
  2.7711266e-008
  2.7712023e-008
  2.7712781e-008
  2.7713538e-008
  2.7714295e-008
  2.7715053e-008
  2.7715810e-008
  2.7716567e-008
  2.7717325e-008
  2.7718082e-008
  2.7718839e-008
  2.7719597e-008
  2.7720354e-008
  2.7721111e-008
  2.7721869e-008
  2.7722626e-008
  2.7723383e-008
  2.7724141e-008
  2.7724898e-008
  2.7725655e-008
  2.7726413e-008
  2.7727170e-008
  2.7727927e-008
  2.7728685e-008
  2.7729442e-008
  2.7730199e-008
  2.7730957e-008
  2.7731714e-008
  2.7732471e-008
  2.7733229e-008
  2.7733986e-008
  2.7734743e-008
  2.7735500e-008
  2.7736258e-008
  2.7737015e-008
  2.7737772e-008
  2.7738530e-008
  2.7739287e-008
  2.7740044e-008
  2.7740802e-008
  2.7741559e-008
  2.7742316e-008
  2.7743074e-008
  2.7743831e-008
  2.7744588e-008
  2.7745346e-008
  2.7746103e-008
  2.7746860e-008
  2.7747618e-008
  2.7748375e-008
  2.7749132e-008
  2.7749890e-008
  2.7750647e-008
  2.7751404e-008
  2.7752162e-008
  2.7752919e-008
  2.7753676e-008
  2.7754434e-008
  2.7755191e-008
  2.7755948e-008
  2.7756706e-008
  2.7757463e-008
  2.7758220e-008
  2.7758978e-008
  2.7759735e-008
  2.7760492e-008
  2.7761250e-008
  2.7762007e-008
  2.7762764e-008
  2.7763521e-008
  2.7764279e-008
  2.7765036e-008
  2.7765793e-008
  2.7766551e-008
  2.7767308e-008
  2.7768065e-008
  2.7768823e-008
  2.7769580e-008
  2.7770337e-008
  2.7771095e-008
  2.7771852e-008
  2.7772609e-008
  2.7773367e-008
  2.7774124e-008
  2.7774881e-008
  2.7775639e-008
  2.7776396e-008
  2.7777153e-008
  2.7777911e-008
  2.7778668e-008
  2.7779425e-008
  2.7780183e-008
  2.7780940e-008
  2.7781697e-008
  2.7782455e-008
  2.7783212e-008
  2.7783969e-008
  2.7784727e-008
  2.7785484e-008
  2.7786241e-008
  2.7786999e-008
  2.7787756e-008
  2.7788513e-008
  2.7789271e-008
  2.7790028e-008
  2.7790785e-008
  2.7791542e-008
  2.7792300e-008
  2.7793057e-008
  2.7793814e-008
  2.7794572e-008
  2.7795329e-008
  2.7796086e-008
  2.7796844e-008
  2.7797601e-008
  2.7798358e-008
  2.7799116e-008
  2.7799873e-008
  2.7800630e-008
  2.7801388e-008
  2.7802145e-008
  2.7802902e-008
  2.7803660e-008
  2.7804417e-008
  2.7805174e-008
  2.7805932e-008
  2.7806689e-008
  2.7807446e-008
  2.7808204e-008
  2.7808961e-008
  2.7809718e-008
  2.7810476e-008
  2.7811233e-008
  2.7811990e-008
  2.7812748e-008
  2.7813505e-008
  2.7814262e-008
  2.7815020e-008
  2.7815777e-008
  2.7816534e-008
  2.7817292e-008
  2.7818049e-008
  2.7818806e-008
  2.7819563e-008
  2.7820321e-008
  2.7821078e-008
  2.7821835e-008
  2.7822593e-008
  2.7823350e-008
  2.7824107e-008
  2.7824865e-008
  2.7825622e-008
  2.7826379e-008
  2.7827137e-008
  2.7827894e-008
  2.7828651e-008
  2.7829409e-008
  2.7830166e-008
  2.7830923e-008
  2.7831681e-008
  2.7832438e-008
  2.7833195e-008
  2.7833953e-008
  2.7834710e-008
  2.7835467e-008
  2.7836225e-008
  2.7836982e-008
  2.7837739e-008
  2.7838497e-008
  2.7839254e-008
  2.7840011e-008
  2.7840769e-008
  2.7841526e-008
  2.7842283e-008
  2.7843041e-008
  2.7843798e-008
  2.7844555e-008
  2.7845313e-008
  2.7846070e-008
  2.7846827e-008
  2.7847584e-008
  2.7848342e-008
  2.7849099e-008
  2.7849856e-008
  2.7850614e-008
  2.7851371e-008
  2.7852128e-008
  2.7852886e-008
  2.7853643e-008
  2.7854400e-008
  2.7855158e-008
  2.7855915e-008
  2.7856672e-008
  2.7857430e-008
  2.7858187e-008
  2.7858944e-008
  2.7859702e-008
  2.7860459e-008
  2.7861216e-008
  2.7861974e-008
  2.7862731e-008
  2.7863488e-008
  2.7864246e-008
  2.7865003e-008
  2.7865760e-008
  2.7866518e-008
  2.7867275e-008
  2.7868032e-008
  2.7868790e-008
  2.7869547e-008
  2.7870304e-008
  2.7871062e-008
  2.7871819e-008
  2.7872576e-008
  2.7873333e-008
  2.7874091e-008
  2.7874848e-008
  2.7875605e-008
  2.7876363e-008
  2.7877120e-008
  2.7877877e-008
  2.7878635e-008
  2.7879392e-008
  2.7880149e-008
  2.7880907e-008
  2.7881664e-008
  2.7882421e-008
  2.7883179e-008
  2.7883936e-008
  2.7884693e-008
  2.7885451e-008
  2.7886208e-008
  2.7886965e-008
  2.7887723e-008
  2.7888480e-008
  2.7889237e-008
  2.7889995e-008
  2.7890752e-008
  2.7891509e-008
  2.7892267e-008
  2.7893024e-008
  2.7893781e-008
  2.7894539e-008
  2.7895296e-008
  2.7896053e-008
  2.7896811e-008
  2.7897568e-008
  2.7898325e-008
  2.7899083e-008
  2.7899840e-008
  2.7900597e-008
  2.7901354e-008
  2.7902112e-008
  2.7902869e-008
  2.7903626e-008
  2.7904384e-008
  2.7905141e-008
  2.7905898e-008
  2.7906656e-008
  2.7907413e-008
  2.7908170e-008
  2.7908928e-008
  2.7909685e-008
  2.7910442e-008
  2.7911200e-008
  2.7911957e-008
  2.7912714e-008
  2.7913472e-008
  2.7914229e-008
  2.7914986e-008
  2.7915744e-008
  2.7916501e-008
  2.7917258e-008
  2.7918016e-008
  2.7918773e-008
  2.7919530e-008
  2.7920288e-008
  2.7921045e-008
  2.7921802e-008
  2.7922560e-008
  2.7923317e-008
  2.7924074e-008
  2.7924832e-008
  2.7925589e-008
  2.7926346e-008
  2.7927104e-008
  2.7927861e-008
  2.7928618e-008
  2.7929375e-008
  2.7930133e-008
  2.7930890e-008
  2.7931647e-008
  2.7932405e-008
  2.7933162e-008
  2.7933919e-008
  2.7934677e-008
  2.7935434e-008
  2.7936191e-008
  2.7936949e-008
  2.7937706e-008
  2.7938463e-008
  2.7939221e-008
  2.7939978e-008
  2.7940735e-008
  2.7941493e-008
  2.7942250e-008
  2.7943007e-008
  2.7943765e-008
  2.7944522e-008
  2.7945279e-008
  2.7946037e-008
  2.7946794e-008
  2.7947551e-008
  2.7948309e-008
  2.7949066e-008
  2.7949823e-008
  2.7950581e-008
  2.7951338e-008
  2.7952095e-008
  2.7952853e-008
  2.7953610e-008
  2.7954367e-008
  2.7955125e-008
  2.7955882e-008
  2.7956639e-008
  2.7957396e-008
  2.7958154e-008
  2.7958911e-008
  2.7959668e-008
  2.7960426e-008
  2.7961183e-008
  2.7961940e-008
  2.7962698e-008
  2.7963455e-008
  2.7964212e-008
  2.7964970e-008
  2.7965727e-008
  2.7966484e-008
  2.7967242e-008
  2.7967999e-008
  2.7968756e-008
  2.7969514e-008
  2.7970271e-008
  2.7971028e-008
  2.7971786e-008
  2.7972543e-008
  2.7973300e-008
  2.7974058e-008
  2.7974815e-008
  2.7975572e-008
  2.7976330e-008
  2.7977087e-008
  2.7977844e-008
  2.7978602e-008
  2.7979359e-008
  2.7980116e-008
  2.7980874e-008
  2.7981631e-008
  2.7982388e-008
  2.7983146e-008
  2.7983903e-008
  2.7984660e-008
  2.7985417e-008
  2.7986175e-008
  2.7986932e-008
  2.7987689e-008
  2.7988447e-008
  2.7989204e-008
  2.7989961e-008
  2.7990719e-008
  2.7991476e-008
  2.7992233e-008
  2.7992991e-008
  2.7993748e-008
  2.7994505e-008
  2.7995263e-008
  2.7996020e-008
  2.7996777e-008
  2.7997535e-008
  2.7998292e-008
  2.7999049e-008
  2.7999807e-008
  2.8000564e-008
  2.8001321e-008
  2.8002079e-008
  2.8002836e-008
  2.8003593e-008
  2.8004351e-008
  2.8005108e-008
  2.8005865e-008
  2.8006623e-008
  2.8007380e-008
  2.8008137e-008
  2.8008895e-008
  2.8009652e-008
  2.8010409e-008
  2.8011167e-008
  2.8011924e-008
  2.8012681e-008
  2.8013438e-008
  2.8014196e-008
  2.8014953e-008
  2.8015710e-008
  2.8016468e-008
  2.8017225e-008
  2.8017982e-008
  2.8018740e-008
  2.8019497e-008
  2.8020254e-008
  2.8021012e-008
  2.8021769e-008
  2.8022526e-008
  2.8023284e-008
  2.8024041e-008
  2.8024798e-008
  2.8025556e-008
  2.8026313e-008
  2.8027070e-008
  2.8027828e-008
  2.8028585e-008
  2.8029342e-008
  2.8030100e-008
  2.8030857e-008
  2.8031614e-008
  2.8032372e-008
  2.8033129e-008
  2.8033886e-008
  2.8034644e-008
  2.8035401e-008
  2.8036158e-008
  2.8036916e-008
  2.8037673e-008
  2.8038430e-008
  2.8039187e-008
  2.8039945e-008
  2.8040702e-008
  2.8041459e-008
  2.8042217e-008
  2.8042974e-008
  2.8043731e-008
  2.8044489e-008
  2.8045246e-008
  2.8046003e-008
  2.8046761e-008
  2.8047518e-008
  2.8048275e-008
  2.8049033e-008
  2.8049790e-008
  2.8050547e-008
  2.8051305e-008
  2.8052062e-008
  2.8052819e-008
  2.8053577e-008
  2.8054334e-008
  2.8055091e-008
  2.8055849e-008
  2.8056606e-008
  2.8057363e-008
  2.8058121e-008
  2.8058878e-008
  2.8059635e-008
  2.8060393e-008
  2.8061150e-008
  2.8061907e-008
  2.8062665e-008
  2.8063422e-008
  2.8064179e-008
  2.8064937e-008
  2.8065694e-008
  2.8066451e-008
  2.8067208e-008
  2.8067966e-008
  2.8068723e-008
  2.8069480e-008
  2.8070238e-008
  2.8070995e-008
  2.8071752e-008
  2.8072510e-008
  2.8073267e-008
  2.8074024e-008
  2.8074782e-008
  2.8075539e-008
  2.8076296e-008
  2.8077054e-008
  2.8077811e-008
  2.8078568e-008
  2.8079326e-008
  2.8080083e-008
  2.8080840e-008
  2.8081598e-008
  2.8082355e-008
  2.8083112e-008
  2.8083870e-008
  2.8084627e-008
  2.8085384e-008
  2.8086142e-008
  2.8086899e-008
  2.8087656e-008
  2.8088414e-008
  2.8089171e-008
  2.8089928e-008
  2.8090686e-008
  2.8091443e-008
  2.8092200e-008
  2.8092958e-008
  2.8093715e-008
  2.8094472e-008
  2.8095229e-008
  2.8095987e-008
  2.8096744e-008
  2.8097501e-008
  2.8098259e-008
  2.8099016e-008
  2.8099773e-008
  2.8100531e-008
  2.8101288e-008
  2.8102045e-008
  2.8102803e-008
  2.8103560e-008
  2.8104317e-008
  2.8105075e-008
  2.8105832e-008
  2.8106589e-008
  2.8107347e-008
  2.8108104e-008
  2.8108861e-008
  2.8109619e-008
  2.8110376e-008
  2.8111133e-008
  2.8111891e-008
  2.8112648e-008
  2.8113405e-008
  2.8114163e-008
  2.8114920e-008
  2.8115677e-008
  2.8116435e-008
  2.8117192e-008
  2.8117949e-008
  2.8118707e-008
  2.8119464e-008
  2.8120221e-008
  2.8120979e-008
  2.8121736e-008
  2.8122493e-008
  2.8123250e-008
  2.8124008e-008
  2.8124765e-008
  2.8125522e-008
  2.8126280e-008
  2.8127037e-008
  2.8127794e-008
  2.8128552e-008
  2.8129309e-008
  2.8130066e-008
  2.8130824e-008
  2.8131581e-008
  2.8132338e-008
  2.8133096e-008
  2.8133853e-008
  2.8134610e-008
  2.8135368e-008
  2.8136125e-008
  2.8136882e-008
  2.8137640e-008
  2.8138397e-008
  2.8139154e-008
  2.8139912e-008
  2.8140669e-008
  2.8141426e-008
  2.8142184e-008
  2.8142941e-008
  2.8143698e-008
  2.8144456e-008
  2.8145213e-008
  2.8145970e-008
  2.8146728e-008
  2.8147485e-008
  2.8148242e-008
  2.8149000e-008
  2.8149757e-008
  2.8150514e-008
  2.8151271e-008
  2.8152029e-008
  2.8152786e-008
  2.8153543e-008
  2.8154301e-008
  2.8155058e-008
  2.8155815e-008
  2.8156573e-008
  2.8157330e-008
  2.8158087e-008
  2.8158845e-008
  2.8159602e-008
  2.8160359e-008
  2.8161117e-008
  2.8161874e-008
  2.8162631e-008
  2.8163389e-008
  2.8164146e-008
  2.8164903e-008
  2.8165661e-008
  2.8166418e-008
  2.8167175e-008
  2.8167933e-008
  2.8168690e-008
  2.8169447e-008
  2.8170205e-008
  2.8170962e-008
  2.8171719e-008
  2.8172477e-008
  2.8173234e-008
  2.8173991e-008
  2.8174749e-008
  2.8175506e-008
  2.8176263e-008
  2.8177021e-008
  2.8177778e-008
  2.8178535e-008
  2.8179292e-008
  2.8180050e-008
  2.8180807e-008
  2.8181564e-008
  2.8182322e-008
  2.8183079e-008
  2.8183836e-008
  2.8184594e-008
  2.8185351e-008
  2.8186108e-008
  2.8186866e-008
  2.8187623e-008
  2.8188380e-008
  2.8189138e-008
  2.8189895e-008
  2.8190652e-008
  2.8191410e-008
  2.8192167e-008
  2.8192924e-008
  2.8193682e-008
  2.8194439e-008
  2.8195196e-008
  2.8195954e-008
  2.8196711e-008
  2.8197468e-008
  2.8198226e-008
  2.8198983e-008
  2.8199740e-008
  2.8200498e-008
  2.8201255e-008
  2.8202012e-008
  2.8202770e-008
  2.8203527e-008
  2.8204284e-008
  2.8205042e-008
  2.8205799e-008
  2.8206556e-008
  2.8207313e-008
  2.8208071e-008
  2.8208828e-008
  2.8209585e-008
  2.8210343e-008
  2.8211100e-008
  2.8211857e-008
  2.8212615e-008
  2.8213372e-008
  2.8214129e-008
  2.8214887e-008
  2.8215644e-008
  2.8216401e-008
  2.8217159e-008
  2.8217916e-008
  2.8218673e-008
  2.8219431e-008
  2.8220188e-008
  2.8220945e-008
  2.8221703e-008
  2.8222460e-008
  2.8223217e-008
  2.8223975e-008
  2.8224732e-008
  2.8225489e-008
  2.8226247e-008
  2.8227004e-008
  2.8227761e-008
  2.8228519e-008
  2.8229276e-008
  2.8230033e-008
  2.8230791e-008
  2.8231548e-008
  2.8232305e-008
  2.8233063e-008
  2.8233820e-008
  2.8234577e-008
  2.8235334e-008
  2.8236092e-008
  2.8236849e-008
  2.8237606e-008
  2.8238364e-008
  2.8239121e-008
  2.8239878e-008
  2.8240636e-008
  2.8241393e-008
  2.8242150e-008
  2.8242908e-008
  2.8243665e-008
  2.8244422e-008
  2.8245180e-008
  2.8245937e-008
  2.8246694e-008
  2.8247452e-008
  2.8248209e-008
  2.8248966e-008
  2.8249724e-008
  2.8250481e-008
  2.8251238e-008
  2.8251996e-008
  2.8252753e-008
  2.8253510e-008
  2.8254268e-008
  2.8255025e-008
  2.8255782e-008
  2.8256540e-008
  2.8257297e-008
  2.8258054e-008
  2.8258812e-008
  2.8259569e-008
  2.8260326e-008
  2.8261083e-008
  2.8261841e-008
  2.8262598e-008
  2.8263355e-008
  2.8264113e-008
  2.8264870e-008
  2.8265627e-008
  2.8266385e-008
  2.8267142e-008
  2.8267899e-008
  2.8268657e-008
  2.8269414e-008
  2.8270171e-008
  2.8270929e-008
  2.8271686e-008
  2.8272443e-008
  2.8273201e-008
  2.8273958e-008
  2.8274715e-008
  2.8275473e-008
  2.8276230e-008
  2.8276987e-008
  2.8277745e-008
  2.8278502e-008
  2.8279259e-008
  2.8280017e-008
  2.8280774e-008
  2.8281531e-008
  2.8282289e-008
  2.8283046e-008
  2.8283803e-008
  2.8284561e-008
  2.8285318e-008
  2.8286075e-008
  2.8286833e-008
  2.8287590e-008
  2.8288347e-008
  2.8289104e-008
  2.8289862e-008
  2.8290619e-008
  2.8291376e-008
  2.8292134e-008
  2.8292891e-008
  2.8293648e-008
  2.8294406e-008
  2.8295163e-008
  2.8295920e-008
  2.8296678e-008
  2.8297435e-008
  2.8298192e-008
  2.8298950e-008
  2.8299707e-008
  2.8300464e-008
  2.8301222e-008
  2.8301979e-008
  2.8302736e-008
  2.8303494e-008
  2.8304251e-008
  2.8305008e-008
  2.8305766e-008
  2.8306523e-008
  2.8307280e-008
  2.8308038e-008
  2.8308795e-008
  2.8309552e-008
  2.8310310e-008
  2.8311067e-008
  2.8311824e-008
  2.8312582e-008
  2.8313339e-008
  2.8314096e-008
  2.8314854e-008
  2.8315611e-008
  2.8316368e-008
  2.8317125e-008
  2.8317883e-008
  2.8318640e-008
  2.8319397e-008
  2.8320155e-008
  2.8320912e-008
  2.8321669e-008
  2.8322427e-008
  2.8323184e-008
  2.8323941e-008
  2.8324699e-008
  2.8325456e-008
  2.8326213e-008
  2.8326971e-008
  2.8327728e-008
  2.8328485e-008
  2.8329243e-008
